looping, <k> = 4, n=500, D=[1,2,3]
c=[1.4454126358e-06, 0.000176824629307,0.000876136124134] 

looping, <k> = 4, n=2000, D=[1,2,3]
c=[3.91006469727e-07, 0.000122680664062, 0.000608520507813]

looping, <k> = 4, n=5000, D=[1,2,3]
c=[2.23517417908e-08, 1.23977661133e-05, 7.91549682617e-05]

D = 1, <k> = 4, non looping, n = [15, 50, 500]
c=[0.01196013437, .000801687, .000006662]

